1.840000000
2.160000000
2.300000000
2.600000000
3.210000000
3.500000000
3.560000000
3.610000000
3.690000000
3.730000000
3.770000000
3.830000000
4.920000000
4.990000000
5.080000000
5.180000000
5.270000000
5.850000000
5.930000000
6.190000000
6.440000000
6.620000000
6.850000000
7.080000000
7.430000000
8.010000000
8.260000000
8.580000000
10.260000000
10.390000000
10.460000000
10.640000000
10.710000000
10.840000000
11.150000000
11.330000000
11.440000000
11.600000000
13.100000000
13.150000000
13.210000000
15.500000000
16.930000000
16.990000000
17.050000000
17.120000000
17.190000000
17.250000000
19.120000000
20.300000000
20.750000000
20.890000000
22.680000000
24.630000000
24.700000000
24.760000000
24.830000000
25.410000000
25.670000000
25.840000000
26.010000000
26.250000000
26.430000000
27.490000000
29.900000000
30.190000000
30.500000000
30.640000000
31.090000000
34.240000000
35.760000000
35.840000000
35.910000000
38.260000000
40.220000000
41.910000000
43.820000000
43.870000000
43.910000000
43.940000000
43.970000000
45.050000000
45.500000000
46.690000000
46.970000000
48.640000000
49.340000000
49.400000000
49.480000000
49.550000000
49.930000000
49.980000000
50.050000000
51.040000000
51.200000000
51.500000000
51.770000000
52.400000000
53.580000000
53.870000000
54.160000000
54.490000000
55.040000000
55.340000000
56.000000000
56.300000000
56.600000000
57.210000000
57.500000000
57.780000000
58.110000000
58.390000000
58.710000000
58.990000000
59.610000000
59.900000000
60.200000000
60.810000000
61.110000000
61.390000000
61.980000000
62.290000000
62.590000000
63.180000000
63.480000000
63.770000000
64.390000000
64.690000000
64.990000000
65.590000000
65.890000000
66.190000000
66.780000000
67.080000000
67.370000000
67.990000000
68.290000000
68.590000000
69.190000000
69.690000000
69.750000000
69.840000000
69.910000000
70.020000000
