0.827743684887
1.01327244184
1.15598687027
1.48423005566
1.81247324104
2.11217354074
2.18353075496
2.34051662623
2.4975024975
2.85428856857
3.1968031968
3.4965034965
3.55358926787
3.71057513915
3.8961038961
4.23861852433
4.58113315256
4.86656200942
4.93791922363
5.10917653775
5.26616240902
5.63721992293
5.96546310832
6.32224917939
6.47923505066
6.65049236478
7.02154987869
7.36406450692
7.72085057799
7.89210789211
8.07763664907
8.43442272014
8.76266590552
9.09090909091
9.29070929071
9.44769516198
9.80448123305
10.1469958613
10.4895104895
10.6607678036
10.8320251177
11.1459968603
11.5027829314
11.6883116883
