0.5
0.56
0.6
0.84
0.95
1.17
1.29
1.64
1.86
2.0
2.35
2.57
2.7
2.91
3.03
3.26
3.38
3.72
3.86
3.95
4.06
4.29
4.4
4.63
4.74
4.98
5.1
5.33
5.45
5.56
5.65
5.77
5.99
6.11
6.47
6.71
6.83
7.04
7.14
7.51
7.74
7.86
8.07
8.2
8.4
8.44
8.53
8.65
8.75
8.87
9.21
9.42
9.55
9.76
9.89
10.01
10.12
10.23
10.46
10.58
10.69
10.79
10.9
11.0
11.1
11.2
11.43
11.55
11.78
11.9
12.13
12.25
12.47
12.59
12.83
12.94
13.18
13.28
13.51
13.63
13.84
13.97
14.19
14.3
14.53
14.63
14.83
14.88
14.97
15.18
15.29
15.42
15.52
15.62
15.85
15.96
16.12
16.25
16.3
16.43
16.63
